1 0.548828125 0.8408203125 0.1650390625 0.11328125
1 0.7470703125 0.8359375 0.140625 0.11328125
1 0.2734375 0.775390625 0.119140625 0.07421875
1 0.1640625 0.7724609375 0.1181640625 0.10546875
1 0.8759765625 0.80078125 0.1123046875 0.091796875
1 0.6572265625 0.787109375 0.103515625 0.0869140625
1 0.8173828125 0.740234375 0.1298828125 0.0966796875
1 0.8623046875 0.681640625 0.09375 0.0810546875
1 0.76171875 0.6806640625 0.1103515625 0.076171875
1 0.640625 0.7080078125 0.123046875 0.064453125
1 0.375 0.75 0.123046875 0.0927734375
1 0.470703125 0.75 0.1005859375 0.0712890625
1 0.4814453125 0.69140625 0.10546875 0.0732421875
1 0.2021484375 0.6787109375 0.072265625 0.076171875
1 0.86328125 0.6259765625 0.087890625 0.0498046875
1 0.7880859375 0.630859375 0.1025390625 0.08203125
1 0.8330078125 0.5546875 0.0634765625 0.0654296875
1 0.755859375 0.5751953125 0.091796875 0.060546875
1 0.796875 0.5185546875 0.080078125 0.083984375
1 0.708984375 0.4765625 0.1103515625 0.0966796875
1 0.8076171875 0.4228515625 0.119140625 0.1142578125
1 0.8466796875 0.3134765625 0.1455078125 0.126953125
1 0.779296875 0.1865234375 0.115234375 0.09375
1 0.2666015625 0.7021484375 0.1123046875 0.080078125
1 0.3994140625 0.6416015625 0.0927734375 0.0712890625
1 0.365234375 0.5830078125 0.126953125 0.083984375
1 0.205078125 0.599609375 0.1015625 0.056640625
1 0.2255859375 0.5439453125 0.0751953125 0.05859375
1 0.3046875 0.509765625 0.0830078125 0.072265625
1 0.365234375 0.4765625 0.076171875 0.08203125
1 0.1728515625 0.470703125 0.095703125 0.08203125
1 0.263671875 0.45703125 0.07421875 0.0791015625
1 0.275390625 0.365234375 0.0869140625 0.07421875
1 0.3173828125 0.2958984375 0.0712890625 0.091796875
1 0.4541015625 0.2353515625 0.080078125 0.068359375
1 0.3056640625 0.22265625 0.0654296875 0.05078125
1 0.4072265625 0.16796875 0.0673828125 0.0458984375
1 0.55078125 0.1083984375 0.056640625 0.060546875
1 0.5390625 0.455078125 0.6865234375 0.771484375