1 0.7451171875 0.9091796875 0.0595703125 0.1259765625
1 0.7939453125 0.916015625 0.046875 0.107421875
1 0.8310546875 0.931640625 0.0419921875 0.1259765625
1 0.876953125 0.93359375 0.0458984375 0.1318359375
1 0.0478515625 0.7216796875 0.0810546875 0.330078125
1 0.1083984375 0.7607421875 0.07421875 0.2294921875
1 0.18359375 0.8017578125 0.0712890625 0.2783203125
1 0.25 0.7939453125 0.0634765625 0.251953125
1 0.3466796875 0.701171875 0.0849609375 0.140625
1 0.337890625 0.853515625 0.072265625 0.181640625
1 0.4189453125 0.7470703125 0.0458984375 0.0791015625
1 0.455078125 0.7724609375 0.0380859375 0.109375
1 0.4970703125 0.77734375 0.03515625 0.091796875
1 0.5361328125 0.7705078125 0.04296875 0.1162109375