1 0.2314453125 0.794921875 0.1005859375 0.2421875
1 0.3349609375 0.6611328125 0.1025390625 0.2568359375
1 0.3984375 0.7919921875 0.07421875 0.216796875
1 0.3408203125 0.7783203125 0.060546875 0.17578125
1 0.46484375 0.59375 0.1103515625 0.154296875
1 0.576171875 0.7314453125 0.0947265625 0.185546875
1 0.712890625 0.322265625 0.0390625 0.12109375
1 0.783203125 0.330078125 0.0390625 0.158203125
1 0.74609375 0.3330078125 0.0322265625 0.16796875
1 0.8154296875 0.3115234375 0.013671875 0.1259765625
1 0.853515625 0.3310546875 0.0439453125 0.1708984375
1 0.7734375 0.447265625 0.0458984375 0.1259765625