1 0.134765625 0.9140625 0.259765625 0.1689453125
1 0.265625 0.7041015625 0.083984375 0.3818359375
1 0.15234375 0.5537109375 0.1611328125 0.5537109375
1 0.1796875 0.2373046875 0.2421875 0.396484375
1 0.357421875 0.248046875 0.1142578125 0.416015625
1 0.32421875 0.6806640625 0.1064453125 0.4775390625
1 0.416015625 0.623046875 0.0908203125 0.263671875
1 0.583984375 0.2607421875 0.08984375 0.30078125
1 0.5029296875 0.6435546875 0.2353515625 0.6494140625
1 0.5234375 0.826171875 0.17578125 0.337890625
1 0.7099609375 0.65234375 0.1396484375 0.6943359375
1 0.818359375 0.61328125 0.134765625 0.5517578125
1 0.919921875 0.45703125 0.1474609375 0.8076171875
1 0.7470703125 0.1591796875 0.1611328125 0.296875