1 0.11328125 0.23828125 0.2099609375 0.3251953125
1 0.25390625 0.306640625 0.0458984375 0.095703125
1 0.296875 0.28515625 0.052734375 0.1533203125
1 0.3427734375 0.29296875 0.05078125 0.1220703125
1 0.220703125 0.29296875 0.0537109375 0.103515625
1 0.1474609375 0.6572265625 0.1884765625 0.5107421875
1 0.2646484375 0.7294921875 0.056640625 0.265625
1 0.3212890625 0.8935546875 0.0556640625 0.2119140625
1 0.375 0.7822265625 0.0830078125 0.3544921875
1 0.5185546875 0.8525390625 0.1435546875 0.2421875
1 0.6240234375 0.8291015625 0.1181640625 0.140625
1 0.7236328125 0.880859375 0.0634765625 0.162109375
1 0.55078125 0.408203125 0.0908203125 0.142578125
1 0.654296875 0.396484375 0.1015625 0.189453125
1 0.7216796875 0.396484375 0.05859375 0.111328125
1 0.7978515625 0.39453125 0.08203125 0.220703125
1 0.87890625 0.39453125 0.0498046875 0.1611328125
1 0.9375 0.4033203125 0.068359375 0.2080078125