1 0.09765625 0.9287109375 0.12890625 0.1259765625
1 0.341796875 0.9248046875 0.17578125 0.1435546875
1 0.69140625 0.931640625 0.2333984375 0.115234375
1 0.9130859375 0.69921875 0.173828125 0.26171875
1 0.337890625 0.7392578125 0.1611328125 0.15625
1 0.251953125 0.61328125 0.2705078125 0.076171875
1 0.33984375 0.5078125 0.13671875 0.123046875
1 0.3662109375 0.412109375 0.15234375 0.1015625
1 0.1435546875 0.3251953125 0.1318359375 0.1044921875
1 0.076171875 0.2470703125 0.123046875 0.099609375
1 0.19140625 0.2021484375 0.11328125 0.1494140625
1 0.3095703125 0.1484375 0.09765625 0.10546875
1 0.5185546875 0.314453125 0.12890625 0.11328125
1 0.6845703125 0.23828125 0.2275390625 0.1865234375
1 0.8916015625 0.259765625 0.1865234375 0.166015625
1 0.7666015625 0.3994140625 0.134765625 0.1611328125
1 0.267578125 0.31640625 0.1044921875 0.11328125